[gd_scene load_steps=17 format=2]

[ext_resource path="res://Levels/level3/textures/grasstex2.jpg" type="Texture" id=1]
[ext_resource path="res://environment/raw_assets/grass_lowres.png" type="Texture" id=2]
[ext_resource path="res://characters/player/Player.tscn" type="PackedScene" id=3]
[ext_resource path="res://Levels/level3/casa2expo/assets/TreeWall.tscn" type="PackedScene" id=4]
[ext_resource path="res://default_env.tres" type="Environment" id=5]
[ext_resource path="res://Levels/level3/Assets/Bush.tscn" type="PackedScene" id=6]
[ext_resource path="res://Levels/level3/Assets/Grass.tscn" type="PackedScene" id=7]
[ext_resource path="res://Levels/level3/Assets/ArbolLargo.tscn" type="PackedScene" id=9]
[ext_resource path="res://pickups/MachineGunPickup.tscn" type="PackedScene" id=10]
[ext_resource path="res://Levels/level3/Assets/ArbolGrande.tscn" type="PackedScene" id=11]
[ext_resource path="res://pickups/ShotGunPickup.tscn" type="PackedScene" id=15]
[ext_resource path="res://Music/Assault(loop) - angry - tension - battle.mp3" type="AudioStream" id=16]

[sub_resource type="SpatialMaterial" id=23]
albedo_texture = ExtResource( 2 )
uv1_scale = Vector3( 50, 50, 1 )

[sub_resource type="CubeMesh" id=16]
material = SubResource( 23 )
size = Vector3( 200, 2, 100 )

[sub_resource type="SpatialMaterial" id=18]
albedo_texture = ExtResource( 1 )
uv1_scale = Vector3( 20, 20, 20 )

[sub_resource type="ConcavePolygonShape" id=17]
data = PoolVector3Array( -100, 1, 50, 100, 1, 50, -100, -1, 50, 100, 1, 50, 100, -1, 50, -100, -1, 50, 100, 1, -50, -100, 1, -50, 100, -1, -50, -100, 1, -50, -100, -1, -50, 100, -1, -50, 100, 1, 50, 100, 1, -50, 100, -1, 50, 100, 1, -50, 100, -1, -50, 100, -1, 50, -100, 1, -50, -100, 1, 50, -100, -1, -50, -100, 1, 50, -100, -1, 50, -100, -1, -50, 100, 1, 50, -100, 1, 50, 100, 1, -50, -100, 1, 50, -100, 1, -50, 100, 1, -50, -100, -1, 50, 100, -1, 50, -100, -1, -50, 100, -1, 50, 100, -1, -50, -100, -1, -50 )

[node name="Level3" type="Spatial"]

[node name="Player" parent="." instance=ExtResource( 3 )]
transform = Transform( 0.799307, 0, -0.600923, 0, 1, 0, 0.600923, 0, 0.799307, 18.7697, 3.02666, 21.22 )

[node name="Environment" type="Spatial" parent="."]

[node name="Ground" type="MeshInstance" parent="Environment"]
transform = Transform( 0.791015, 0, 0, 0, 0.1, 0, 0, 0, 5.83691, -42.0796, 0.997354, 229.672 )
use_in_baked_light = true
mesh = SubResource( 16 )
skeleton = NodePath("../..")
material/0 = SubResource( 18 )

[node name="StaticBody" type="StaticBody" parent="Environment/Ground"]

[node name="CollisionShape" type="CollisionShape" parent="Environment/Ground/StaticBody"]
shape = SubResource( 17 )

[node name="Ground2" type="MeshInstance" parent="Environment"]
transform = Transform( 0.609047, 0, 0, 0, 0.0543892, 0, 0, 0, 4.15194, 116.794, 0.997354, 229.672 )
use_in_baked_light = true
mesh = SubResource( 16 )
skeleton = NodePath("../..")
material/0 = SubResource( 18 )

[node name="StaticBody" type="StaticBody" parent="Environment/Ground2"]

[node name="CollisionShape" type="CollisionShape" parent="Environment/Ground2/StaticBody"]
shape = SubResource( 17 )

[node name="Ground3" type="MeshInstance" parent="Environment"]
transform = Transform( 0.136718, 0, 0, 0, 0.0543892, 0, 0, 0, 0.492592, 45.8187, 0.997354, 353.196 )
use_in_baked_light = true
mesh = SubResource( 16 )
skeleton = NodePath("../..")
material/0 = SubResource( 18 )

[node name="StaticBody" type="StaticBody" parent="Environment/Ground3"]

[node name="CollisionShape" type="CollisionShape" parent="Environment/Ground3/StaticBody"]
shape = SubResource( 17 )

[node name="Zone1" type="Spatial" parent="Environment"]

[node name="TreeWalls" type="Spatial" parent="Environment/Zone1"]
transform = Transform( 2, 0, 0, 0, 2, 0, 0, 0, 1, -27.958, -1, 0 )

[node name="TreeWallUnity1" type="Spatial" parent="Environment/Zone1/TreeWalls"]
transform = Transform( 1, 0, 0, 0, 1.5, 0, 0, 0, 1, -0.00540352, -0.616485, -0.0232849 )

[node name="TreeWall" parent="Environment/Zone1/TreeWalls/TreeWallUnity1" instance=ExtResource( 4 )]
transform = Transform( 5, 0, 0, 0, 5, 0, 0, 0, 1, 0.0349998, 3.1, -0.017 )

[node name="TreeWall2" parent="Environment/Zone1/TreeWalls/TreeWallUnity1" instance=ExtResource( 4 )]
transform = Transform( 5, 0, 0, 0, 5, 0, 0, 0, 1, 5.035, 3.1, -0.017 )

[node name="TreeWall3" parent="Environment/Zone1/TreeWalls/TreeWallUnity1" instance=ExtResource( 4 )]
transform = Transform( 5, 0, 0, 0, 5, 0, 0, 0, 1, 10.035, 3.1, -0.017 )

[node name="TreeWall4" parent="Environment/Zone1/TreeWalls/TreeWallUnity1" instance=ExtResource( 4 )]
transform = Transform( 5, 0, 0, 0, 5, 0, 0, 0, 1, 15.035, 3.1, -0.017 )

[node name="TreeWallUnity2" type="Spatial" parent="Environment/Zone1/TreeWalls"]
transform = Transform( 0.707107, 0, -0.707106, 0, 1.5, 0, 1.41421, 0, 0.353554, 19.2372, -0.616485, 3.44632 )

[node name="TreeWall" parent="Environment/Zone1/TreeWalls/TreeWallUnity2" instance=ExtResource( 4 )]
transform = Transform( 5, 0, 0, 0, 5, 0, 0, 0, 1, 0.0349998, 3.1, -0.017 )

[node name="TreeWall2" parent="Environment/Zone1/TreeWalls/TreeWallUnity2" instance=ExtResource( 4 )]
transform = Transform( 5, 0, 0, 0, 5, 0, 0, 0, 1, 5.035, 3.1, -0.017 )

[node name="TreeWall3" parent="Environment/Zone1/TreeWalls/TreeWallUnity2" instance=ExtResource( 4 )]
transform = Transform( 5, 0, 0, 0, 5, 0, 0, 0, 1, 10.035, 3.1, -0.017 )

[node name="TreeWall4" parent="Environment/Zone1/TreeWalls/TreeWallUnity2" instance=ExtResource( 4 )]
transform = Transform( 5, 0, 0, 0, 5, 0, 0, 0, 1, 15.035, 3.1, -0.017 )

[node name="TreeWallUnity3" type="Spatial" parent="Environment/Zone1/TreeWalls"]
transform = Transform( -0.258819, 0, -0.54309, 0, 1.5, 0, 1.93185, 0, -0.0727603, 32.0188, -0.616485, 23.1056 )

[node name="TreeWall" parent="Environment/Zone1/TreeWalls/TreeWallUnity3" instance=ExtResource( 4 )]
transform = Transform( 5, 0, 0, 0, 5, 0, 0, 0, 1, 0.0349998, 3.1, -0.017 )

[node name="TreeWall2" parent="Environment/Zone1/TreeWalls/TreeWallUnity3" instance=ExtResource( 4 )]
transform = Transform( 5, 0, 0, 0, 5, 0, 0, 0, 1, 5.035, 3.1, -0.017 )

[node name="TreeWall3" parent="Environment/Zone1/TreeWalls/TreeWallUnity3" instance=ExtResource( 4 )]
transform = Transform( 5, 0, 0, 0, 5, 0, 0, 0, 1, 10.035, 3.1, -0.017 )

[node name="TreeWall4" parent="Environment/Zone1/TreeWalls/TreeWallUnity3" instance=ExtResource( 4 )]
transform = Transform( 5, 0, 0, 0, 5, 0, 0, 0, 1, 15.035, 3.1, -0.017 )

[node name="TreeWallUnity4" type="Spatial" parent="Environment/Zone1/TreeWalls"]
transform = Transform( -0.866025, 0, 0.681385, 0, 1.5, 0, -1, 0, -0.590096, 30.6334, -0.616485, 52.5454 )

[node name="TreeWall" parent="Environment/Zone1/TreeWalls/TreeWallUnity4" instance=ExtResource( 4 )]
transform = Transform( 5, 0, 0, 0, 5, 0, 0, 0, 1, 0.0349998, 3.1, -0.017 )

[node name="TreeWall2" parent="Environment/Zone1/TreeWalls/TreeWallUnity4" instance=ExtResource( 4 )]
transform = Transform( 5, 0, 0, 0, 5, 0, 0, 0, 1, 5.035, 3.1, -0.017 )

[node name="TreeWall3" parent="Environment/Zone1/TreeWalls/TreeWallUnity4" instance=ExtResource( 4 )]
transform = Transform( 5, 0, 0, 0, 5, 0, 0, 0, 1, 10.035, 3.1, -0.017 )

[node name="TreeWall4" parent="Environment/Zone1/TreeWalls/TreeWallUnity4" instance=ExtResource( 4 )]
transform = Transform( 5, 0, 0, 0, 5, 0, 0, 0, 1, 15.035, 3.1, -0.017 )

[node name="TreeWallUnity5" type="Spatial" parent="Environment/Zone1/TreeWalls"]
transform = Transform( -0.866024, 0, 0.681386, 0, 1.5, 0, -1, 0, -0.590095, 17.7768, -0.616485, 37.9252 )

[node name="TreeWall2" parent="Environment/Zone1/TreeWalls/TreeWallUnity5" instance=ExtResource( 4 )]
transform = Transform( 5, 0, 0, 0, 5, 0, 0, 0, 1, 5.035, 3.1, -0.0169983 )

[node name="TreeWall3" parent="Environment/Zone1/TreeWalls/TreeWallUnity5" instance=ExtResource( 4 )]
transform = Transform( 5, 0, 0, 0, 5, 0, 0, 0, 1, 10.035, 3.1, -0.017 )

[node name="TreeWallUnity6" type="Spatial" parent="Environment/Zone1/TreeWalls"]
transform = Transform( -0.994638, 0, 0.202776, 0, 1.5, 0, -0.206834, 0, -0.97512, 4.89135, -0.616485, 25.15 )

[node name="TreeWall" parent="Environment/Zone1/TreeWalls/TreeWallUnity6" instance=ExtResource( 4 )]
transform = Transform( 5, 0, 0, 0, 5, 0, 0, 0, 1, 0.0349998, 3.1, -0.017 )

[node name="TreeWall2" parent="Environment/Zone1/TreeWalls/TreeWallUnity6" instance=ExtResource( 4 )]
transform = Transform( 5, 0, 0, 0, 5, 0, 0, 0, 1, 5.035, 3.1, -0.017 )

[node name="TreeWall3" parent="Environment/Zone1/TreeWalls/TreeWallUnity6" instance=ExtResource( 4 )]
transform = Transform( 5, 0, 0, 0, 5, 0, 0, 0, 1, 10.035, 3.1, -0.017 )

[node name="TreeWall4" parent="Environment/Zone1/TreeWalls/TreeWallUnity6" instance=ExtResource( 4 )]
transform = Transform( 5, 0, 0, 0, 5, 0, 0, 0, 1, 15.035, 3.1, -0.017 )

[node name="TreeWallUnity7" type="Spatial" parent="Environment/Zone1/TreeWalls"]
transform = Transform( 1, 0, 0, 0, 1.5, 0, 0, 0, 1, -20.0054, -0.616485, -0.0232849 )

[node name="TreeWall" parent="Environment/Zone1/TreeWalls/TreeWallUnity7" instance=ExtResource( 4 )]
transform = Transform( 5, 0, 0, 0, 5, 0, 0, 0, 1, 0.0349998, 3.1, -0.017 )

[node name="TreeWall2" parent="Environment/Zone1/TreeWalls/TreeWallUnity7" instance=ExtResource( 4 )]
transform = Transform( 5, 0, 0, 0, 5, 0, 0, 0, 1, 5.035, 3.1, -0.017 )

[node name="TreeWall3" parent="Environment/Zone1/TreeWalls/TreeWallUnity7" instance=ExtResource( 4 )]
transform = Transform( 5, 0, 0, 0, 5, 0, 0, 0, 1, 10.035, 3.1, -0.017 )

[node name="TreeWall4" parent="Environment/Zone1/TreeWalls/TreeWallUnity7" instance=ExtResource( 4 )]
transform = Transform( 5, 0, 0, 0, 5, 0, 0, 0, 1, 15.035, 3.1, -0.017 )

[node name="TreeWallUnity8" type="Spatial" parent="Environment/Zone1/TreeWalls"]
transform = Transform( 0.5, 0, 0.635489, 0, 1.5, 0, -1.73205, 0, 0.18345, -30.5054, -0.616485, 29.4292 )

[node name="TreeWall2" parent="Environment/Zone1/TreeWalls/TreeWallUnity8" instance=ExtResource( 4 )]
transform = Transform( 5, 0, 2.84217e-14, 0, 5, 0, 0, 0, 1, 5.035, 3.1, -0.0169983 )

[node name="TreeWall3" parent="Environment/Zone1/TreeWalls/TreeWallUnity8" instance=ExtResource( 4 )]
transform = Transform( 5, 0, 1.42109e-14, 0, 5, 0, 0, 0, 1, 10.035, 3.1, -0.0170021 )

[node name="TreeWall4" parent="Environment/Zone1/TreeWalls/TreeWallUnity8" instance=ExtResource( 4 )]
transform = Transform( 5, 0, 0, 0, 5, 0, 0, 0, 1, 15.035, 3.1, -0.017 )

[node name="TreeWallUnity9" type="Spatial" parent="Environment/Zone1/TreeWalls"]
transform = Transform( 0.246694, 0, -0.53938, 0, 1.5, 0, 1.93818, 0, 0.0686529, -11.5933, -0.616485, 26.2311 )

[node name="TreeWall" parent="Environment/Zone1/TreeWalls/TreeWallUnity9" instance=ExtResource( 4 )]
transform = Transform( 5, 0, 0, 0, 5, 0, 0, 0, 1, 0.0349998, 3.1, -0.017 )

[node name="TreeWall2" parent="Environment/Zone1/TreeWalls/TreeWallUnity9" instance=ExtResource( 4 )]
transform = Transform( 5, 0, 0, 0, 5, 0, 0, 0, 1, 5.035, 3.1, -0.017 )

[node name="TreeWall3" parent="Environment/Zone1/TreeWalls/TreeWallUnity9" instance=ExtResource( 4 )]
transform = Transform( 5, 0, 0, 0, 5, 0, 0, 0, 1, 10.035, 3.1, -0.017 )

[node name="TreeWall4" parent="Environment/Zone1/TreeWalls/TreeWallUnity9" instance=ExtResource( 4 )]
transform = Transform( 5, 0, 0, 0, 5, 0, 0, 0, 1, 15.035, 3.1, -0.017 )

[node name="TreeWallUnity10" type="Spatial" parent="Environment/Zone1/TreeWalls"]
transform = Transform( 0.270904, 0, 0.546917, 0, 1.5, 0, -1.92522, 0, 0.0769586, -33.5054, -0.616485, 56.8198 )

[node name="TreeWall" parent="Environment/Zone1/TreeWalls/TreeWallUnity10" instance=ExtResource( 4 )]
transform = Transform( 5, 0, 0, 0, 5, 0, 0, 0, 1, 0.0349998, 3.1, -0.017 )

[node name="TreeWall2" parent="Environment/Zone1/TreeWalls/TreeWallUnity10" instance=ExtResource( 4 )]
transform = Transform( 5, 0, 0, 0, 5, 0, 0, 0, 1, 5.035, 3.1, -0.017 )

[node name="TreeWall3" parent="Environment/Zone1/TreeWalls/TreeWallUnity10" instance=ExtResource( 4 )]
transform = Transform( 5, 0, 0, 0, 5, 0, 0, 0, 1, 10.035, 3.1, -0.017 )

[node name="TreeWall4" parent="Environment/Zone1/TreeWalls/TreeWallUnity10" instance=ExtResource( 4 )]
transform = Transform( 5, 0, 0, 0, 5, 0, 0, 0, 1, 15.035, 3.1, -0.017 )

[node name="TreeWallUnity15" type="Spatial" parent="Environment/Zone1/TreeWalls"]
transform = Transform( -0.489109, 0, 0.63097, 0, 1.5, 0, -1.74445, 0, -0.176911, -27.0054, -0.616485, 86.8198 )

[node name="TreeWall" parent="Environment/Zone1/TreeWalls/TreeWallUnity15" instance=ExtResource( 4 )]
transform = Transform( 5, 0, 0, 0, 5, 0, 0, 0, 1, 0.0349998, 3.1, -0.017 )

[node name="TreeWall2" parent="Environment/Zone1/TreeWalls/TreeWallUnity15" instance=ExtResource( 4 )]
transform = Transform( 5, 0, 0, 0, 5, 0, 0, 0, 1, 5.035, 3.1, -0.017 )

[node name="TreeWall3" parent="Environment/Zone1/TreeWalls/TreeWallUnity15" instance=ExtResource( 4 )]
transform = Transform( 5, 0, 0, 0, 5, 0, 0, 0, 1, 10.035, 3.1, -0.017 )

[node name="TreeWall4" parent="Environment/Zone1/TreeWalls/TreeWallUnity15" instance=ExtResource( 4 )]
transform = Transform( 5, 0, 0, 0, 5, 0, 0, 0, 1, 15.035, 3.1, -0.017 )

[node name="TreeWallUnity11" type="Spatial" parent="Environment/Zone1/TreeWalls"]
transform = Transform( -0.69819, 0, 0.705227, 0, 1.5, 0, -1.43182, 0, -0.343885, -13.8095, -0.616485, 113.76 )

[node name="TreeWall" parent="Environment/Zone1/TreeWalls/TreeWallUnity11" instance=ExtResource( 4 )]
transform = Transform( 5, 0, 0, 0, 5, 0, 0, 0, 1, 0.0349998, 3.1, -0.017 )

[node name="TreeWall2" parent="Environment/Zone1/TreeWalls/TreeWallUnity11" instance=ExtResource( 4 )]
transform = Transform( 5, 0, 0, 0, 5, 0, 0, 0, 1, 5.035, 3.1, -0.017 )

[node name="TreeWall3" parent="Environment/Zone1/TreeWalls/TreeWallUnity11" instance=ExtResource( 4 )]
transform = Transform( 5, 0, 0, 0, 5, 0, 0, 0, 1, 10.035, 3.1, -0.017 )

[node name="TreeWall4" parent="Environment/Zone1/TreeWalls/TreeWallUnity11" instance=ExtResource( 4 )]
transform = Transform( 5, 0, 0, 0, 5, 0, 0, 0, 1, 15.035, 3.1, -0.017 )

[node name="TreeWallUnity12" type="Spatial" parent="Environment/Zone1/TreeWalls"]
transform = Transform( 0.489107, 0, -0.630969, 0, 1.5, 0, 1.74444, 0, 0.176911, -6.18517, -0.616485, 63.9643 )

[node name="TreeWall" parent="Environment/Zone1/TreeWalls/TreeWallUnity12" instance=ExtResource( 4 )]
transform = Transform( 5, 0, 0, 0, 5, 0, 0, 0, 1, 0.0349998, 3.1, -0.017 )

[node name="TreeWall2" parent="Environment/Zone1/TreeWalls/TreeWallUnity12" instance=ExtResource( 4 )]
transform = Transform( 5, 0, 0, 0, 5, 0, 0, 0, 1, 5.035, 3.1, -0.017 )

[node name="TreeWall3" parent="Environment/Zone1/TreeWalls/TreeWallUnity12" instance=ExtResource( 4 )]
transform = Transform( 5, 0, 0, 0, 5, 0, 0, 0, 1, 10.035, 3.1, -0.017 )

[node name="TreeWall4" parent="Environment/Zone1/TreeWalls/TreeWallUnity12" instance=ExtResource( 4 )]
transform = Transform( 5, 0, 0, 0, 5, 0, 0, 0, 1, 15.035, 3.1, -0.017 )

[node name="TreeWallUnity13" type="Spatial" parent="Environment/Zone1/TreeWalls"]
transform = Transform( -0.270903, 0, -0.546917, 0, 1.5, 0, 1.92521, 0, -0.0769585, 1.53264, -0.616485, 118.537 )

[node name="TreeWall" parent="Environment/Zone1/TreeWalls/TreeWallUnity13" instance=ExtResource( 4 )]
transform = Transform( 5, 0, 0, 0, 5, 0, 0, 0, 1, 0.0349998, 3.1, -0.017 )

[node name="TreeWall2" parent="Environment/Zone1/TreeWalls/TreeWallUnity13" instance=ExtResource( 4 )]
transform = Transform( 5, 0, 0, 0, 5, 0, 0, 0, 1, 5.035, 3.1, -0.017 )

[node name="TreeWall3" parent="Environment/Zone1/TreeWalls/TreeWallUnity13" instance=ExtResource( 4 )]
transform = Transform( 5, 0, 0, 0, 5, 0, 0, 0, 1, 10.035, 3.1, -0.017 )

[node name="TreeWall4" parent="Environment/Zone1/TreeWalls/TreeWallUnity13" instance=ExtResource( 4 )]
transform = Transform( 5, 0, 0, 0, 5, 0, 0, 0, 1, 15.035, 3.1, -0.017 )

[node name="TreeWallUnity16" type="Spatial" parent="Environment/Zone1/TreeWalls"]
transform = Transform( -0.0283755, 0, -0.500553, 0, 1.5, 0, 1.99919, 0, -0.00710458, 2.14251, -0.616485, 85.5367 )

[node name="TreeWall" parent="Environment/Zone1/TreeWalls/TreeWallUnity16" instance=ExtResource( 4 )]
transform = Transform( 5, 0, 0, 0, 5, 0, 0, 0, 1, 0.0349998, 3.1, -0.017 )

[node name="TreeWall2" parent="Environment/Zone1/TreeWalls/TreeWallUnity16" instance=ExtResource( 4 )]
transform = Transform( 5, 0, 0, 0, 5, 0, 0, 0, 1, 5.035, 3.1, -0.017 )

[node name="TreeWall3" parent="Environment/Zone1/TreeWalls/TreeWallUnity16" instance=ExtResource( 4 )]
transform = Transform( 5, 0, 0, 0, 5, 0, 0, 0, 1, 10.035, 3.1, -0.017 )

[node name="TreeWall4" parent="Environment/Zone1/TreeWalls/TreeWallUnity16" instance=ExtResource( 4 )]
transform = Transform( 5, 0, 0, 0, 5, 0, 0, 0, 1, 15.035, 3.1, -0.017 )

[node name="TreeWallUnity14" type="Spatial" parent="Environment/Zone1/TreeWalls"]
transform = Transform( 0.270903, 0, 0.546917, 0, 1.5, 0, -1.92521, 0, 0.0769586, -16.848, -0.616485, 150.85 )

[node name="TreeWall" parent="Environment/Zone1/TreeWalls/TreeWallUnity14" instance=ExtResource( 4 )]
transform = Transform( 5, 0, 0, 0, 5, 0, 0, 0, 1, 0.0349998, 3.1, -0.017 )

[node name="TreeWall2" parent="Environment/Zone1/TreeWalls/TreeWallUnity14" instance=ExtResource( 4 )]
transform = Transform( 5, 0, 0, 0, 5, 0, 0, 0, 1, 5.035, 3.1, -0.017 )

[node name="TreeWall3" parent="Environment/Zone1/TreeWalls/TreeWallUnity14" instance=ExtResource( 4 )]
transform = Transform( 5, 0, 0, 0, 5, 0, -7.15256e-07, 0, 1, 10.035, 3.1, -0.0170174 )

[node name="TreeWall4" parent="Environment/Zone1/TreeWalls/TreeWallUnity14" instance=ExtResource( 4 )]
transform = Transform( 5, 0, 0, 0, 5, 0, 0, 0, 1, 15.035, 3.1, -0.017 )

[node name="Trees" type="Spatial" parent="Environment/Zone1"]
transform = Transform( 1, 0, 0, 0, 1, 0, 0, 0, 1, -53.5615, 0, 55.2253 )

[node name="Grass2" type="Spatial" parent="Environment/Zone1/Trees"]

[node name="Grass" parent="Environment/Zone1/Trees/Grass2" instance=ExtResource( 7 )]
transform = Transform( 1, 0, 0, 0, 1, 0, 0, 0, 1, 54.4975, 0, -30.5189 )

[node name="Grass2" parent="Environment/Zone1/Trees/Grass2" instance=ExtResource( 7 )]
transform = Transform( 1, 0, 0, 0, 1, 0, 0, 0, 1, 54.4975, 0, -34.7427 )

[node name="Grass3" parent="Environment/Zone1/Trees/Grass2" instance=ExtResource( 7 )]
transform = Transform( 1, 0, 0, 0, 1, 0, 0, 0, 1, 62.4975, 0, -34.7427 )

[node name="Grass4" parent="Environment/Zone1/Trees/Grass2" instance=ExtResource( 7 )]
transform = Transform( 1, 0, 0, 0, 1, 0, 0, 0, 1, 62.4975, 0, -23.7427 )

[node name="Grass5" parent="Environment/Zone1/Trees/Grass2" instance=ExtResource( 7 )]
transform = Transform( 0.965926, 0, -0.258819, 0, 1, 0, 0.258819, 0, 0.965926, 56.4975, 0, -41.7427 )

[node name="Grass7" parent="Environment/Zone1/Trees/Grass2" instance=ExtResource( 7 )]
transform = Transform( 0.965926, 0, -0.258819, 0, 1, 0, 0.258819, 0, 0.965926, 43.4975, 0, -41.7427 )

[node name="Grass8" parent="Environment/Zone1/Trees/Grass2" instance=ExtResource( 7 )]
transform = Transform( 0.965926, 0, -0.258819, 0, 1, 0, 0.258819, 0, 0.965926, 43.4975, 0, -46.7427 )

[node name="Grass9" parent="Environment/Zone1/Trees/Grass2" instance=ExtResource( 7 )]
transform = Transform( 0.965926, 0, -0.258819, 0, 1, 0, 0.258819, 0, 0.965926, 47.4975, 0, -46.7427 )

[node name="Grass10" parent="Environment/Zone1/Trees/Grass2" instance=ExtResource( 7 )]
transform = Transform( 0.965926, 0, -0.258819, 0, 1, 0, 0.258819, 0, 0.965926, 20.4975, 0, -46.7427 )

[node name="Grass11" parent="Environment/Zone1/Trees/Grass2" instance=ExtResource( 7 )]
transform = Transform( 0.965926, 0, -0.258819, 0, 1, 0, 0.258819, 0, 0.965926, 20.4975, 0, -53.7427 )

[node name="Grass12" parent="Environment/Zone1/Trees/Grass2" instance=ExtResource( 7 )]
transform = Transform( 0.965926, 0, -0.258819, 0, 1, 0, 0.258819, 0, 0.965926, 27.4975, 0, -53.7427 )

[node name="Grass13" parent="Environment/Zone1/Trees/Grass2" instance=ExtResource( 7 )]
transform = Transform( 0.965926, 0, -0.258819, 0, 1, 0, 0.258819, 0, 0.965926, 31.4975, 0, -53.7427 )

[node name="Grass14" parent="Environment/Zone1/Trees/Grass2" instance=ExtResource( 7 )]
transform = Transform( 0.965926, 0, -0.258819, 0, 1, 0, 0.258819, 0, 0.965926, 31.4975, 0, -34.7427 )

[node name="Grass15" parent="Environment/Zone1/Trees/Grass2" instance=ExtResource( 7 )]
transform = Transform( 0.965926, 0, -0.258819, 0, 1, 0, 0.258819, 0, 0.965926, 22.4975, 0, -34.7427 )

[node name="Grass16" parent="Environment/Zone1/Trees/Grass2" instance=ExtResource( 7 )]
transform = Transform( 1, 0, 0, 0, 1, 0, 0, 0, 1, -0.568024, 0, -55.2253 )

[node name="Grass17" parent="Environment/Zone1/Trees/Grass2" instance=ExtResource( 7 )]
transform = Transform( 1, 0, 0, 0, 1, 0, 0, 0, 1, -0.568024, 0, -40.3519 )

[node name="Grass18" parent="Environment/Zone1/Trees/Grass2" instance=ExtResource( 7 )]
transform = Transform( 1, 0, 0, 0, 1, 0, 0, 0, 1, 1.60268, 0, -40.3519 )

[node name="Grass19" parent="Environment/Zone1/Trees/Grass2" instance=ExtResource( 7 )]
transform = Transform( 1, 0, 0, 0, 1, 0, 0, 0, 1, 1.60268, 0, -36.5073 )

[node name="Grass20" parent="Environment/Zone1/Trees/Grass2" instance=ExtResource( 7 )]
transform = Transform( 1, 0, 0, 0, 1, 0, 0, 0, 1, 11.6136, 0, -36.5073 )

[node name="Grass21" parent="Environment/Zone1/Trees/Grass2" instance=ExtResource( 7 )]
transform = Transform( 1, 0, 0, 0, 1, 0, 0, 0, 1, -4.99546, 0, -43.9927 )

[node name="Grass22" parent="Environment/Zone1/Trees/Grass2" instance=ExtResource( 7 )]
transform = Transform( 1, 0, 0, 0, 1, 0, 0, 0, 1, -4.99546, 0, -43.9927 )

[node name="Grass6" parent="Environment/Zone1/Trees/Grass2" instance=ExtResource( 7 )]
transform = Transform( 1, 0, 0, 0, 1, 0, 0, 0, 1, 65.4975, 0, -23.7427 )

[node name="Grass3" type="Spatial" parent="Environment/Zone1/Trees"]
transform = Transform( 2.98023e-08, 0, -1, 0, 1, 0, 1, 0, 2.98023e-08, -55.7557, 0, -47.9856 )

[node name="Grass" parent="Environment/Zone1/Trees/Grass3" instance=ExtResource( 7 )]
transform = Transform( 1, 0, 0, 0, 1, 0, 0, 0, 1, 54.4975, 0, -30.5189 )

[node name="Grass2" parent="Environment/Zone1/Trees/Grass3" instance=ExtResource( 7 )]
transform = Transform( 1, 0, 0, 0, 1, 0, 0, 0, 1, 54.4975, 0, -34.7427 )

[node name="Grass3" parent="Environment/Zone1/Trees/Grass3" instance=ExtResource( 7 )]
transform = Transform( 1, 0, 0, 0, 1, 0, 0, 0, 1, 62.4975, 0, -34.7427 )

[node name="Grass4" parent="Environment/Zone1/Trees/Grass3" instance=ExtResource( 7 )]
transform = Transform( 1, 0, 0, 0, 1, 0, 0, 0, 1, 62.4975, 0, -23.7427 )

[node name="Grass5" parent="Environment/Zone1/Trees/Grass3" instance=ExtResource( 7 )]
transform = Transform( 0.965926, 0, -0.258819, 0, 1, 0, 0.258819, 0, 0.965926, 56.4975, 0, -41.7427 )

[node name="Grass7" parent="Environment/Zone1/Trees/Grass3" instance=ExtResource( 7 )]
transform = Transform( 0.965926, 0, -0.258819, 0, 1, 0, 0.258819, 0, 0.965926, 43.4975, 0, -41.7427 )

[node name="Grass8" parent="Environment/Zone1/Trees/Grass3" instance=ExtResource( 7 )]
transform = Transform( 0.965926, 0, -0.258819, 0, 1, 0, 0.258819, 0, 0.965926, 43.4975, 0, -46.7427 )

[node name="Grass9" parent="Environment/Zone1/Trees/Grass3" instance=ExtResource( 7 )]
transform = Transform( 0.965926, 0, -0.258819, 0, 1, 0, 0.258819, 0, 0.965926, 47.4975, 0, -46.7427 )

[node name="Grass10" parent="Environment/Zone1/Trees/Grass3" instance=ExtResource( 7 )]
transform = Transform( 0.965926, 0, -0.258819, 0, 1, 0, 0.258819, 0, 0.965926, 20.4975, 0, -46.7427 )

[node name="Grass11" parent="Environment/Zone1/Trees/Grass3" instance=ExtResource( 7 )]
transform = Transform( 0.965926, 0, -0.258819, 0, 1, 0, 0.258819, 0, 0.965926, 20.4975, 0, -53.7427 )

[node name="Grass12" parent="Environment/Zone1/Trees/Grass3" instance=ExtResource( 7 )]
transform = Transform( 0.965926, 0, -0.258819, 0, 1, 0, 0.258819, 0, 0.965926, 27.4975, 0, -53.7427 )

[node name="Grass13" parent="Environment/Zone1/Trees/Grass3" instance=ExtResource( 7 )]
transform = Transform( 0.965926, 0, -0.258819, 0, 1, 0, 0.258819, 0, 0.965926, 31.4975, 0, -53.7427 )

[node name="Grass14" parent="Environment/Zone1/Trees/Grass3" instance=ExtResource( 7 )]
transform = Transform( 0.965926, 0, -0.258819, 0, 1, 0, 0.258819, 0, 0.965926, 31.4975, 0, -34.7427 )

[node name="Grass15" parent="Environment/Zone1/Trees/Grass3" instance=ExtResource( 7 )]
transform = Transform( 0.965926, 0, -0.258819, 0, 1, 0, 0.258819, 0, 0.965926, 22.4975, 0, -34.7427 )

[node name="Grass16" parent="Environment/Zone1/Trees/Grass3" instance=ExtResource( 7 )]
transform = Transform( 1, 0, 0, 0, 1, 0, 0, 0, 1, -0.568024, 0, -55.2253 )

[node name="Grass17" parent="Environment/Zone1/Trees/Grass3" instance=ExtResource( 7 )]
transform = Transform( 1, 0, 0, 0, 1, 0, 0, 0, 1, -0.568024, 0, -40.3519 )

[node name="Grass18" parent="Environment/Zone1/Trees/Grass3" instance=ExtResource( 7 )]
transform = Transform( 1, 0, 0, 0, 1, 0, 0, 0, 1, 1.60268, 0, -40.3519 )

[node name="Grass19" parent="Environment/Zone1/Trees/Grass3" instance=ExtResource( 7 )]
transform = Transform( 1, 0, 0, 0, 1, 0, 0, 0, 1, 1.60268, 0, -36.5073 )

[node name="Grass20" parent="Environment/Zone1/Trees/Grass3" instance=ExtResource( 7 )]
transform = Transform( 1, 0, 0, 0, 1, 0, 0, 0, 1, 11.6136, 0, -36.5073 )

[node name="Grass21" parent="Environment/Zone1/Trees/Grass3" instance=ExtResource( 7 )]
transform = Transform( 1, 0, 0, 0, 1, 0, 0, 0, 1, -4.99546, 0, -43.9927 )

[node name="Grass22" parent="Environment/Zone1/Trees/Grass3" instance=ExtResource( 7 )]
transform = Transform( 1, 0, 0, 0, 1, 0, 0, 0, 1, -4.99546, 0, -43.9927 )

[node name="Grass6" parent="Environment/Zone1/Trees/Grass3" instance=ExtResource( 7 )]
transform = Transform( 1, 0, 0, 0, 1, 0, 0, 0, 1, 65.4975, 0, -23.7427 )

[node name="Grass4" type="Spatial" parent="Environment/Zone1/Trees"]
transform = Transform( 2.98023e-08, 0, -1, 0, 1, 0, 1, 0, 2.98023e-08, -29.0644, 0, 22.8693 )

[node name="Grass" parent="Environment/Zone1/Trees/Grass4" instance=ExtResource( 7 )]
transform = Transform( 1, 0, 0, 0, 1, 0, 0, 0, 1, 54.4975, 0, -30.5189 )

[node name="Grass2" parent="Environment/Zone1/Trees/Grass4" instance=ExtResource( 7 )]
transform = Transform( 1, 0, 0, 0, 1, 0, 0, 0, 1, 54.4975, 0, -34.7427 )

[node name="Grass3" parent="Environment/Zone1/Trees/Grass4" instance=ExtResource( 7 )]
transform = Transform( 1, 0, 0, 0, 1, 0, 0, 0, 1, 62.4975, 0, -34.7427 )

[node name="Grass4" parent="Environment/Zone1/Trees/Grass4" instance=ExtResource( 7 )]
transform = Transform( 1, 0, 0, 0, 1, 0, 0, 0, 1, 62.4975, 0, -23.7427 )

[node name="Grass5" parent="Environment/Zone1/Trees/Grass4" instance=ExtResource( 7 )]
transform = Transform( 0.965926, 0, -0.258819, 0, 1, 0, 0.258819, 0, 0.965926, 56.4975, 0, -41.7427 )

[node name="Grass7" parent="Environment/Zone1/Trees/Grass4" instance=ExtResource( 7 )]
transform = Transform( 0.965926, 0, -0.258819, 0, 1, 0, 0.258819, 0, 0.965926, 43.4975, 0, -41.7427 )

[node name="Grass8" parent="Environment/Zone1/Trees/Grass4" instance=ExtResource( 7 )]
transform = Transform( 0.965926, 0, -0.258819, 0, 1, 0, 0.258819, 0, 0.965926, 43.4975, 0, -46.7427 )

[node name="Grass9" parent="Environment/Zone1/Trees/Grass4" instance=ExtResource( 7 )]
transform = Transform( 0.965926, 0, -0.258819, 0, 1, 0, 0.258819, 0, 0.965926, 47.4975, 0, -46.7427 )

[node name="Grass10" parent="Environment/Zone1/Trees/Grass4" instance=ExtResource( 7 )]
transform = Transform( 0.965926, 0, -0.258819, 0, 1, 0, 0.258819, 0, 0.965926, 20.4975, 0, -46.7427 )

[node name="Grass11" parent="Environment/Zone1/Trees/Grass4" instance=ExtResource( 7 )]
transform = Transform( 0.965926, 0, -0.258819, 0, 1, 0, 0.258819, 0, 0.965926, 20.4975, 0, -53.7427 )

[node name="Grass12" parent="Environment/Zone1/Trees/Grass4" instance=ExtResource( 7 )]
transform = Transform( 0.965926, 0, -0.258819, 0, 1, 0, 0.258819, 0, 0.965926, 27.4975, 0, -53.7427 )

[node name="Grass13" parent="Environment/Zone1/Trees/Grass4" instance=ExtResource( 7 )]
transform = Transform( 0.965926, 0, -0.258819, 0, 1, 0, 0.258819, 0, 0.965926, 31.4975, 0, -53.7427 )

[node name="Grass14" parent="Environment/Zone1/Trees/Grass4" instance=ExtResource( 7 )]
transform = Transform( 0.965926, 0, -0.258819, 0, 1, 0, 0.258819, 0, 0.965926, 31.4975, 0, -34.7427 )

[node name="Grass15" parent="Environment/Zone1/Trees/Grass4" instance=ExtResource( 7 )]
transform = Transform( 0.965926, 0, -0.258819, 0, 1, 0, 0.258819, 0, 0.965926, 22.4975, 0, -34.7427 )

[node name="Grass16" parent="Environment/Zone1/Trees/Grass4" instance=ExtResource( 7 )]
transform = Transform( 1, 0, 0, 0, 1, 0, 0, 0, 1, -0.568024, 0, -55.2253 )

[node name="Grass17" parent="Environment/Zone1/Trees/Grass4" instance=ExtResource( 7 )]
transform = Transform( 1, 0, 0, 0, 1, 0, 0, 0, 1, -0.568024, 0, -40.3519 )

[node name="Grass18" parent="Environment/Zone1/Trees/Grass4" instance=ExtResource( 7 )]
transform = Transform( 1, 0, 0, 0, 1, 0, 0, 0, 1, 1.60268, 0, -40.3519 )

[node name="Grass19" parent="Environment/Zone1/Trees/Grass4" instance=ExtResource( 7 )]
transform = Transform( 1, 0, 0, 0, 1, 0, 0, 0, 1, 1.60268, 0, -36.5073 )

[node name="Grass20" parent="Environment/Zone1/Trees/Grass4" instance=ExtResource( 7 )]
transform = Transform( 1, 0, 0, 0, 1, 0, 0, 0, 1, 11.6136, 0, -36.5073 )

[node name="Grass21" parent="Environment/Zone1/Trees/Grass4" instance=ExtResource( 7 )]
transform = Transform( 1, 0, 0, 0, 1, 0, 0, 0, 1, -4.99546, 0, -43.9927 )

[node name="Grass22" parent="Environment/Zone1/Trees/Grass4" instance=ExtResource( 7 )]
transform = Transform( 1, 0, 0, 0, 1, 0, 0, 0, 1, -4.99546, 0, -43.9927 )

[node name="Grass6" parent="Environment/Zone1/Trees/Grass4" instance=ExtResource( 7 )]
transform = Transform( 1, 0, 0, 0, 1, 0, 0, 0, 1, 65.4975, 0, -23.7427 )

[node name="Grass5" type="Spatial" parent="Environment/Zone1/Trees"]
transform = Transform( 2.98023e-08, 0, -1, 0, 1, 0, 1, 0, 2.98023e-08, -29.0644, 0, 81.2571 )

[node name="Grass" parent="Environment/Zone1/Trees/Grass5" instance=ExtResource( 7 )]
transform = Transform( 1, 0, 0, 0, 1, 0, 0, 0, 1, 54.4975, 0, -30.5189 )

[node name="Grass2" parent="Environment/Zone1/Trees/Grass5" instance=ExtResource( 7 )]
transform = Transform( 1, 0, 0, 0, 1, 0, 0, 0, 1, 54.4975, 0, -34.7427 )

[node name="Grass3" parent="Environment/Zone1/Trees/Grass5" instance=ExtResource( 7 )]
transform = Transform( 1, 0, 0, 0, 1, 0, 0, 0, 1, 62.4975, 0, -34.7427 )

[node name="Grass4" parent="Environment/Zone1/Trees/Grass5" instance=ExtResource( 7 )]
transform = Transform( 1, 0, 0, 0, 1, 0, 0, 0, 1, 62.4975, 0, -23.7427 )

[node name="Grass5" parent="Environment/Zone1/Trees/Grass5" instance=ExtResource( 7 )]
transform = Transform( 0.965926, 0, -0.258819, 0, 1, 0, 0.258819, 0, 0.965926, 56.4975, 0, -41.7427 )

[node name="Grass7" parent="Environment/Zone1/Trees/Grass5" instance=ExtResource( 7 )]
transform = Transform( 0.965926, 0, -0.258819, 0, 1, 0, 0.258819, 0, 0.965926, 43.4975, 0, -41.7427 )

[node name="Grass8" parent="Environment/Zone1/Trees/Grass5" instance=ExtResource( 7 )]
transform = Transform( 0.965926, 0, -0.258819, 0, 1, 0, 0.258819, 0, 0.965926, 43.4975, 0, -46.7427 )

[node name="Grass9" parent="Environment/Zone1/Trees/Grass5" instance=ExtResource( 7 )]
transform = Transform( 0.965926, 0, -0.258819, 0, 1, 0, 0.258819, 0, 0.965926, 47.4975, 0, -46.7427 )

[node name="Grass10" parent="Environment/Zone1/Trees/Grass5" instance=ExtResource( 7 )]
transform = Transform( 0.965926, 0, -0.258819, 0, 1, 0, 0.258819, 0, 0.965926, 20.4975, 0, -46.7427 )

[node name="Grass11" parent="Environment/Zone1/Trees/Grass5" instance=ExtResource( 7 )]
transform = Transform( 0.965926, 0, -0.258819, 0, 1, 0, 0.258819, 0, 0.965926, 20.4975, 0, -53.7427 )

[node name="Grass12" parent="Environment/Zone1/Trees/Grass5" instance=ExtResource( 7 )]
transform = Transform( 0.965926, 0, -0.258819, 0, 1, 0, 0.258819, 0, 0.965926, 27.4975, 0, -53.7427 )

[node name="Grass13" parent="Environment/Zone1/Trees/Grass5" instance=ExtResource( 7 )]
transform = Transform( 0.965926, 0, -0.258819, 0, 1, 0, 0.258819, 0, 0.965926, 31.4975, 0, -53.7427 )

[node name="Grass14" parent="Environment/Zone1/Trees/Grass5" instance=ExtResource( 7 )]
transform = Transform( 0.965926, 0, -0.258819, 0, 1, 0, 0.258819, 0, 0.965926, 31.4975, 0, -34.7427 )

[node name="Grass15" parent="Environment/Zone1/Trees/Grass5" instance=ExtResource( 7 )]
transform = Transform( 0.965926, 0, -0.258819, 0, 1, 0, 0.258819, 0, 0.965926, 22.4975, 0, -34.7427 )

[node name="Grass16" parent="Environment/Zone1/Trees/Grass5" instance=ExtResource( 7 )]
transform = Transform( 1, 0, 0, 0, 1, 0, 0, 0, 1, -0.568024, 0, -55.2253 )

[node name="Grass17" parent="Environment/Zone1/Trees/Grass5" instance=ExtResource( 7 )]
transform = Transform( 1, 0, 0, 0, 1, 0, 0, 0, 1, -0.568024, 0, -40.3519 )

[node name="Grass18" parent="Environment/Zone1/Trees/Grass5" instance=ExtResource( 7 )]
transform = Transform( 1, 0, 0, 0, 1, 0, 0, 0, 1, 1.60268, 0, -40.3519 )

[node name="Grass19" parent="Environment/Zone1/Trees/Grass5" instance=ExtResource( 7 )]
transform = Transform( 1, 0, 0, 0, 1, 0, 0, 0, 1, 1.60268, 0, -36.5073 )

[node name="Grass20" parent="Environment/Zone1/Trees/Grass5" instance=ExtResource( 7 )]
transform = Transform( 1, 0, 0, 0, 1, 0, 0, 0, 1, 11.6136, 0, -36.5073 )

[node name="Grass21" parent="Environment/Zone1/Trees/Grass5" instance=ExtResource( 7 )]
transform = Transform( 1, 0, 0, 0, 1, 0, 0, 0, 1, -4.99546, 0, -43.9927 )

[node name="Grass22" parent="Environment/Zone1/Trees/Grass5" instance=ExtResource( 7 )]
transform = Transform( 1, 0, 0, 0, 1, 0, 0, 0, 1, -4.99546, 0, -43.9927 )

[node name="Grass6" parent="Environment/Zone1/Trees/Grass5" instance=ExtResource( 7 )]
transform = Transform( 1, 0, 0, 0, 1, 0, 0, 0, 1, 65.4975, 0, -23.7427 )

[node name="Grass6" type="Spatial" parent="Environment/Zone1/Trees"]
transform = Transform( 2.98023e-08, 0, -1, 0, 1, 0, 1, 0, 2.98023e-08, -29.0644, 0, 81.2571 )

[node name="Grass" parent="Environment/Zone1/Trees/Grass6" instance=ExtResource( 7 )]
transform = Transform( 1, 0, 0, 0, 1, 0, 0, 0, 1, 54.4975, 0, -30.5189 )

[node name="Grass2" parent="Environment/Zone1/Trees/Grass6" instance=ExtResource( 7 )]
transform = Transform( 1, 0, 0, 0, 1, 0, 0, 0, 1, 54.4975, 0, -34.7427 )

[node name="Grass3" parent="Environment/Zone1/Trees/Grass6" instance=ExtResource( 7 )]
transform = Transform( 1, 0, 0, 0, 1, 0, 0, 0, 1, 62.4975, 0, -34.7427 )

[node name="Grass4" parent="Environment/Zone1/Trees/Grass6" instance=ExtResource( 7 )]
transform = Transform( 1, 0, 0, 0, 1, 0, 0, 0, 1, 62.4975, 0, -23.7427 )

[node name="Grass5" parent="Environment/Zone1/Trees/Grass6" instance=ExtResource( 7 )]
transform = Transform( 0.965926, 0, -0.258819, 0, 1, 0, 0.258819, 0, 0.965926, 56.4975, 0, -41.7427 )

[node name="Grass7" parent="Environment/Zone1/Trees/Grass6" instance=ExtResource( 7 )]
transform = Transform( 0.965926, 0, -0.258819, 0, 1, 0, 0.258819, 0, 0.965926, 43.4975, 0, -41.7427 )

[node name="Grass8" parent="Environment/Zone1/Trees/Grass6" instance=ExtResource( 7 )]
transform = Transform( 0.965926, 0, -0.258819, 0, 1, 0, 0.258819, 0, 0.965926, 43.4975, 0, -46.7427 )

[node name="Grass9" parent="Environment/Zone1/Trees/Grass6" instance=ExtResource( 7 )]
transform = Transform( 0.965926, 0, -0.258819, 0, 1, 0, 0.258819, 0, 0.965926, 47.4975, 0, -46.7427 )

[node name="Grass10" parent="Environment/Zone1/Trees/Grass6" instance=ExtResource( 7 )]
transform = Transform( 0.965926, 0, -0.258819, 0, 1, 0, 0.258819, 0, 0.965926, 20.4975, 0, -46.7427 )

[node name="Grass11" parent="Environment/Zone1/Trees/Grass6" instance=ExtResource( 7 )]
transform = Transform( 0.965926, 0, -0.258819, 0, 1, 0, 0.258819, 0, 0.965926, 20.4975, 0, -53.7427 )

[node name="Grass12" parent="Environment/Zone1/Trees/Grass6" instance=ExtResource( 7 )]
transform = Transform( 0.965926, 0, -0.258819, 0, 1, 0, 0.258819, 0, 0.965926, 27.4975, 0, -53.7427 )

[node name="Grass13" parent="Environment/Zone1/Trees/Grass6" instance=ExtResource( 7 )]
transform = Transform( 0.965926, 0, -0.258819, 0, 1, 0, 0.258819, 0, 0.965926, 31.4975, 0, -53.7427 )

[node name="Grass14" parent="Environment/Zone1/Trees/Grass6" instance=ExtResource( 7 )]
transform = Transform( 0.965926, 0, -0.258819, 0, 1, 0, 0.258819, 0, 0.965926, 31.4975, 0, -34.7427 )

[node name="Grass15" parent="Environment/Zone1/Trees/Grass6" instance=ExtResource( 7 )]
transform = Transform( 0.965926, 0, -0.258819, 0, 1, 0, 0.258819, 0, 0.965926, 22.4975, 0, -34.7427 )

[node name="Grass16" parent="Environment/Zone1/Trees/Grass6" instance=ExtResource( 7 )]
transform = Transform( 1, 0, 0, 0, 1, 0, 0, 0, 1, -0.568024, 0, -55.2253 )

[node name="Grass17" parent="Environment/Zone1/Trees/Grass6" instance=ExtResource( 7 )]
transform = Transform( 1, 0, 0, 0, 1, 0, 0, 0, 1, -0.568024, 0, -40.3519 )

[node name="Grass18" parent="Environment/Zone1/Trees/Grass6" instance=ExtResource( 7 )]
transform = Transform( 1, 0, 0, 0, 1, 0, 0, 0, 1, 1.60268, 0, -40.3519 )

[node name="Grass19" parent="Environment/Zone1/Trees/Grass6" instance=ExtResource( 7 )]
transform = Transform( 1, 0, 0, 0, 1, 0, 0, 0, 1, 1.60268, 0, -36.5073 )

[node name="Grass20" parent="Environment/Zone1/Trees/Grass6" instance=ExtResource( 7 )]
transform = Transform( 1, 0, 0, 0, 1, 0, 0, 0, 1, 11.6136, 0, -36.5073 )

[node name="Grass21" parent="Environment/Zone1/Trees/Grass6" instance=ExtResource( 7 )]
transform = Transform( 1, 0, 0, 0, 1, 0, 0, 0, 1, -4.99546, 0, -43.9927 )

[node name="Grass22" parent="Environment/Zone1/Trees/Grass6" instance=ExtResource( 7 )]
transform = Transform( 1, 0, 0, 0, 1, 0, 0, 0, 1, -4.99546, 0, -43.9927 )

[node name="Grass6" parent="Environment/Zone1/Trees/Grass6" instance=ExtResource( 7 )]
transform = Transform( 1, 0, 0, 0, 1, 0, 0, 0, 1, 65.4975, 0, -23.7427 )

[node name="Bush" parent="Environment/Zone1/Trees" instance=ExtResource( 6 )]
transform = Transform( 1, 0, 0, 0, 1, 0, 0, 0, 1, 80, 0, -29 )

[node name="Bush2" parent="Environment/Zone1/Trees" instance=ExtResource( 6 )]
transform = Transform( 0.707107, 0, -0.707107, 0, 1, 0, 0.707107, 0, 0.707107, 52, 0, -29 )

[node name="Bush3" parent="Environment/Zone1/Trees" instance=ExtResource( 6 )]
transform = Transform( -0.707107, 0, -0.707107, 0, 1, 0, 0.707107, 0, -0.707107, 58, 0, -24 )

[node name="Bush4" parent="Environment/Zone1/Trees" instance=ExtResource( 6 )]
transform = Transform( -1, 0, 5.96046e-08, 0, 1, 0, -5.96046e-08, 0, -1, 54, 0, -22 )

[node name="Bush5" parent="Environment/Zone1/Trees" instance=ExtResource( 6 )]
transform = Transform( -1, 0, 5.96046e-08, 0, 1, 0, -5.96046e-08, 0, -1, 67, 0, -47 )

[node name="Bush7" parent="Environment/Zone1/Trees" instance=ExtResource( 6 )]
transform = Transform( -0.866025, 0, 0.5, 0, 1, 0, -0.5, 0, -0.866025, 59, 0, -52 )

[node name="Bush8" parent="Environment/Zone1/Trees" instance=ExtResource( 6 )]
transform = Transform( -0.866025, 0, 0.5, 0, 1, 0, -0.5, 0, -0.866025, 61, 0, -48 )

[node name="Bush10" parent="Environment/Zone1/Trees" instance=ExtResource( 6 )]
transform = Transform( -0.866025, 0, 0.5, 0, 1, 0, -0.5, 0, -0.866025, 12.1679, 0, -48 )

[node name="Bush11" parent="Environment/Zone1/Trees" instance=ExtResource( 6 )]
transform = Transform( -0.866025, 0, 0.5, 0, 1, 0, -0.5, 0, -0.866025, 12.1679, 0, -39.3932 )

[node name="Bush12" parent="Environment/Zone1/Trees" instance=ExtResource( 6 )]
transform = Transform( -0.866025, 0, 0.5, 0, 1, 0, -0.5, 0, -0.866025, 26.3894, 0, -39.3932 )

[node name="Bush13" parent="Environment/Zone1/Trees" instance=ExtResource( 6 )]
transform = Transform( -0.866025, 0, 0.5, 0, 1, 0, -0.5, 0, -0.866025, 26.3894, 0, -30.7936 )

[node name="Bush14" parent="Environment/Zone1/Trees" instance=ExtResource( 6 )]
transform = Transform( -0.866025, 0, 0.5, 0, 1, 0, -0.5, 0, -0.866025, -5.24425, 0, -30.7936 )

[node name="Bush9" parent="Environment/Zone1/Trees" instance=ExtResource( 6 )]
transform = Transform( -0.866025, 0, 0.5, 0, 1, 0, -0.5, 0, -0.866025, 67, 0, -16 )

[node name="Bush6" parent="Environment/Zone1/Trees" instance=ExtResource( 6 )]
