[gd_scene load_steps=5 format=2]

[ext_resource path="res://Levels/Windmill/Assets/Plateau.tscn" type="PackedScene" id=1]
[ext_resource path="res://characters/player/Player.tscn" type="PackedScene" id=2]
[ext_resource path="res://Levels/Windmill/Assets/windmill_textured.tscn" type="PackedScene" id=3]
[ext_resource path="res://Levels/Windmill/Assets/well.tscn" type="PackedScene" id=4]

[node name="Spatial" type="Spatial"]
transform = Transform( 1, 0, 0, 0, 1, 0, 0, 0, 1, 0, -7.68786, 0 )

[node name="Player" parent="." instance=ExtResource( 2 )]
transform = Transform( 1, 0, 0, 0, 1, 0, 0, 0, 1, 0, 23.4839, -13.305 )

[node name="Islands" type="Spatial" parent="."]

[node name="well" parent="Islands" instance=ExtResource( 4 )]
transform = Transform( 0.6, 0, 0, 0, 0.6, 0, 0, 0, 0.6, 17.5872, 12.2088, 27.3474 )

[node name="Plateau" parent="Islands" instance=ExtResource( 1 )]
transform = Transform( 1, 0, 0, 0, 1, 0, 0, 0, 1, 1.44884, 0, -10.1039 )

[node name="Plateau4" parent="Islands" instance=ExtResource( 1 )]
transform = Transform( 1.22518, 0, -1.5808, 0, 1, 0, 1.5808, 0, 1.22518, 65.7289, -10.0356, 41.7911 )

[node name="Plateau2" parent="Islands" instance=ExtResource( 1 )]
transform = Transform( 0.397612, 0, -0.917553, 0.0791245, 0.996275, 0.0342878, 0.914136, -0.0862342, 0.396131, 42.846, -5.91599, -6.84097 )

[node name="Plateau3" parent="Islands" instance=ExtResource( 1 )]
transform = Transform( 0.397612, 0, -0.917553, -0.0497002, 0.998532, -0.0215371, 0.916206, 0.054166, 0.397029, 19.4707, -7.96017, 27.354 )

[node name="windmill_textured" parent="Islands" instance=ExtResource( 3 )]
transform = Transform( -0.151899, 0, -0.988396, 0, 1, 0, 0.988396, 0, -0.151899, 68.3425, 10.0257, 44.2397 )
