[gd_scene load_steps=18 format=2]

[ext_resource path="res://characters/enemies/raw_assets/birdmonster/birdmonster.glb" type="PackedScene" id=1]
[ext_resource path="res://characters/HitBox.tscn" type="PackedScene" id=2]
[ext_resource path="res://characters/enemies/Monster.gd" type="Script" id=3]
[ext_resource path="res://characters/HealthManager.tscn" type="PackedScene" id=4]
[ext_resource path="res://characters/CharacterMover.tscn" type="PackedScene" id=5]
[ext_resource path="res://characters/enemies/AimAtObject.gd" type="Script" id=6]
[ext_resource path="res://weapons/DamageAreaEnemy.tscn" type="PackedScene" id=7]
[ext_resource path="res://Music/Enemy/Monster-1.wav" type="AudioStream" id=8]

[sub_resource type="CapsuleShape" id=1]
radius = 0.5

[sub_resource type="CapsuleShape" id=2]
radius = 0.0753473
height = 0.332988

[sub_resource type="CapsuleShape" id=3]
radius = 0.0428863
height = 0.332988

[sub_resource type="CapsuleShape" id=4]
radius = 0.0960997
height = 0.332988

[sub_resource type="CapsuleShape" id=5]
radius = 0.0550068
height = 0.332988

[sub_resource type="BoxShape" id=6]
extents = Vector3( 0.164725, 0.121762, 0.118699 )

[sub_resource type="BoxShape" id=7]
extents = Vector3( 0.164725, 0.183204, 0.289759 )

[sub_resource type="SphereShape" id=8]
radius = 0.105477

[sub_resource type="Animation" id=9]
length = 0.001
tracks/0/type = "value"
tracks/0/path = NodePath("../AudioStreamPlayer3D:playing")
tracks/0/interp = 1
tracks/0/loop_wrap = true
tracks/0/imported = false
tracks/0/enabled = true
tracks/0/keys = {
"times": PoolRealArray( 0 ),
"transitions": PoolRealArray( 1 ),
"update": 0,
"values": [ false ]
}

[node name="BirdMonster" type="KinematicBody"]
collision_layer = 2
collision_mask = 3
script = ExtResource( 3 )
attack_range = 4.0
attack_rate = 1.0

[node name="CollisionShape" type="CollisionShape" parent="."]
transform = Transform( 1, 0, 0, 0, -1.62921e-07, 1, 0, -1, -1.62921e-07, 0, 1, 0 )
shape = SubResource( 1 )

[node name="Graphics" parent="." instance=ExtResource( 1 )]

[node name="ArmUL" type="BoneAttachment" parent="Graphics/Armature/Skeleton" index="1"]
transform = Transform( -0.762323, 0.647196, 7.83272e-07, -0.646072, -0.760999, 0.0589265, 0.0381376, 0.0449205, 0.998262, 0.176714, 1.50515, 0.0672013 )
bone_name = "upper_arml"

[node name="HitBox" parent="Graphics/Armature/Skeleton/ArmUL" instance=ExtResource( 2 )]

[node name="CollisionShape" type="CollisionShape" parent="Graphics/Armature/Skeleton/ArmUL/HitBox"]
transform = Transform( 1, -2.98023e-08, 3.72529e-07, 1.49012e-08, -1.49012e-07, -0.999999, 0, 1, -2.08616e-07, 1.19209e-07, 0.206703, 2.38419e-07 )
shape = SubResource( 2 )

[node name="ArmUR" type="BoneAttachment" parent="Graphics/Armature/Skeleton" index="2"]
transform = Transform( -0.762324, -0.647196, -7.96166e-07, 0.646072, -0.760999, 0.0589264, -0.0381375, 0.0449204, 0.998262, -0.176714, 1.50515, 0.0672013 )
bone_name = "upper_armr"

[node name="HitBox" parent="Graphics/Armature/Skeleton/ArmUR" instance=ExtResource( 2 )]

[node name="CollisionShape" type="CollisionShape" parent="Graphics/Armature/Skeleton/ArmUR/HitBox"]
transform = Transform( 1, -2.98023e-08, 3.72529e-07, 1.49012e-08, -1.49012e-07, -0.999999, 0, 1, -2.08616e-07, 1.19209e-07, 0.206703, 2.38419e-07 )
shape = SubResource( 2 )

[node name="ArmLR" type="BoneAttachment" parent="Graphics/Armature/Skeleton" index="3"]
transform = Transform( -0.998523, -0.0543442, -6.71545e-07, 0.0509083, -0.935395, 0.349921, -0.0190168, 0.349404, 0.936779, -0.456291, 1.17641, 0.0866061 )
bone_name = "lower_armr"

[node name="HitBox" parent="Graphics/Armature/Skeleton/ArmLR" instance=ExtResource( 2 )]

[node name="CollisionShape" type="CollisionShape" parent="Graphics/Armature/Skeleton/ArmLR/HitBox"]
transform = Transform( 1, -2.98023e-08, 3.72529e-07, 1.49012e-08, -1.49012e-07, -0.999999, 0, 1, -2.08616e-07, 1.19209e-07, 0.206703, 2.38419e-07 )
shape = SubResource( 3 )

[node name="CollisionShape2" type="CollisionShape" parent="Graphics/Armature/Skeleton/ArmLR/HitBox"]
transform = Transform( 0.925593, 3.1665e-08, 0.378519, 0.378519, -1.78814e-07, -0.925593, 4.47035e-08, 1, -1.78814e-07, -0.0620529, 0.61519, 5.96046e-07 )
shape = SubResource( 3 )

[node name="CollisionShape3" type="CollisionShape" parent="Graphics/Armature/Skeleton/ArmLR/HitBox"]
transform = Transform( 0.925593, 0.0956815, 0.366226, 0.378519, -0.23397, -0.895533, 1.93715e-07, 0.967524, -0.252779, -0.0361588, 0.551871, 0.119169 )
shape = SubResource( 3 )

[node name="CollisionShape4" type="CollisionShape" parent="Graphics/Armature/Skeleton/ArmLR/HitBox"]
transform = Transform( 0.925593, -0.167741, 0.339322, 0.378519, 0.410176, -0.829745, 1.93715e-07, 0.896448, 0.443149, -0.0315503, 0.540602, -0.147327 )
shape = SubResource( 3 )

[node name="ArmLL" type="BoneAttachment" parent="Graphics/Armature/Skeleton" index="4"]
transform = Transform( -0.998522, 0.0543443, 6.2942e-07, -0.0509083, -0.935395, 0.349921, 0.0190168, 0.349404, 0.936779, 0.456291, 1.17641, 0.0866061 )
bone_name = "lower_arml"

[node name="HitBox" parent="Graphics/Armature/Skeleton/ArmLL" instance=ExtResource( 2 )]

[node name="CollisionShape" type="CollisionShape" parent="Graphics/Armature/Skeleton/ArmLL/HitBox"]
transform = Transform( 1, -2.98023e-08, 3.72529e-07, 1.49012e-08, -1.49012e-07, -0.999999, 0, 1, -2.08616e-07, 1.19209e-07, 0.206703, 2.38419e-07 )
shape = SubResource( 3 )

[node name="CollisionShape2" type="CollisionShape" parent="Graphics/Armature/Skeleton/ArmLL/HitBox"]
transform = Transform( 0.935221, 8.9407e-08, -0.354062, -0.354062, 2.98023e-08, -0.935221, -1.19209e-07, 1, -2.08616e-07, 0.0348469, 0.609916, 2.98023e-07 )
shape = SubResource( 3 )

[node name="CollisionShape3" type="CollisionShape" parent="Graphics/Armature/Skeleton/ArmLL/HitBox"]
transform = Transform( 0.926841, 0.0956814, -0.363056, -0.333571, -0.23397, -0.913229, -0.172323, 0.967524, -0.184936, 0.0607412, 0.546597, 0.119169 )
shape = SubResource( 3 )

[node name="CollisionShape4" type="CollisionShape" parent="Graphics/Armature/Skeleton/ArmLL/HitBox"]
transform = Transform( 0.908501, -0.167741, -0.382739, -0.288722, 0.410176, -0.865097, 0.302103, 0.896448, 0.324214, 0.0653499, 0.535327, -0.147327 )
shape = SubResource( 3 )

[node name="LegUL" type="BoneAttachment" parent="Graphics/Armature/Skeleton" index="5"]
transform = Transform( -0.782991, 0.148378, 0.604052, 0.0548879, -0.950859, 0.304719, 0.619566, 0.271754, 0.736389, 0.131876, 0.936301, 1.37659e-07 )
bone_name = "upperlegl"

[node name="HitBox" parent="Graphics/Armature/Skeleton/LegUL" instance=ExtResource( 2 )]

[node name="CollisionShape" type="CollisionShape" parent="Graphics/Armature/Skeleton/LegUL/HitBox"]
transform = Transform( 1, -2.98023e-08, 3.27826e-07, 0, -1.04308e-07, -0.999999, 2.98023e-08, 1, -1.63913e-07, 0.0110086, 0.206703, -0.00856459 )
shape = SubResource( 4 )

[node name="LegUR" type="BoneAttachment" parent="Graphics/Armature/Skeleton" index="6"]
transform = Transform( -0.782991, -0.148378, -0.604051, -0.0548878, -0.950859, 0.304719, -0.619566, 0.271754, 0.736389, -0.131876, 0.936301, 1.37659e-07 )
bone_name = "upperlegr"

[node name="HitBox" parent="Graphics/Armature/Skeleton/LegUR" instance=ExtResource( 2 )]

[node name="CollisionShape" type="CollisionShape" parent="Graphics/Armature/Skeleton/LegUR/HitBox"]
transform = Transform( 1, -2.98023e-08, 3.27826e-07, 0, -1.04308e-07, -0.999999, 2.98023e-08, 1, -1.63913e-07, 0.0110086, 0.206703, -0.00856459 )
shape = SubResource( 4 )

[node name="LegLR" type="BoneAttachment" parent="Graphics/Armature/Skeleton" index="7"]
transform = Transform( -0.786337, 0.178847, -0.591318, -0.0264707, -0.966053, -0.256983, -0.617189, -0.186426, 0.764397, -0.193831, 0.539271, 0.113471 )
bone_name = "lowerlegr"

[node name="HitBox" parent="Graphics/Armature/Skeleton/LegLR" instance=ExtResource( 2 )]

[node name="CollisionShape" type="CollisionShape" parent="Graphics/Armature/Skeleton/LegLR/HitBox"]
transform = Transform( 1, -2.98023e-08, 3.27826e-07, 0, -1.04308e-07, -0.999999, 2.98023e-08, 1, -1.63913e-07, 0.0110086, 0.206703, -0.00856459 )
shape = SubResource( 5 )

[node name="LegLL" type="BoneAttachment" parent="Graphics/Armature/Skeleton" index="8"]
transform = Transform( -0.786337, -0.178847, 0.591318, 0.0264708, -0.966053, -0.256983, 0.61719, -0.186426, 0.764397, 0.193831, 0.539271, 0.113471 )
bone_name = "lowerlegl"

[node name="HitBox" parent="Graphics/Armature/Skeleton/LegLL" instance=ExtResource( 2 )]

[node name="CollisionShape" type="CollisionShape" parent="Graphics/Armature/Skeleton/LegLL/HitBox"]
transform = Transform( 1, -2.98023e-08, 3.27826e-07, 0, -1.04308e-07, -0.999999, 2.98023e-08, 1, -1.63913e-07, 0.0110086, 0.206703, -0.00856459 )
shape = SubResource( 5 )

[node name="Hip" type="BoneAttachment" parent="Graphics/Armature/Skeleton" index="9"]
transform = Transform( 1, 0, 0, 0, 1, 0, 0, 0, 1, 0, 0.915201, 0 )
bone_name = "hip"

[node name="HitBox" parent="Graphics/Armature/Skeleton/Hip" instance=ExtResource( 2 )]

[node name="CollisionShape" type="CollisionShape" parent="Graphics/Armature/Skeleton/Hip/HitBox"]
transform = Transform( 1, -2.98023e-08, 3.27826e-07, 0, -1.04308e-07, -0.999999, 2.98023e-08, 1, -1.63913e-07, 0.0110086, 0.113552, -0.0085646 )
shape = SubResource( 6 )

[node name="Body" type="BoneAttachment" parent="Graphics/Armature/Skeleton" index="10"]
transform = Transform( 1, -1.42109e-14, 2.38418e-07, 4.31266e-08, 0.983504, -0.180886, -2.34486e-07, 0.180886, 0.983504, 0, 1.13977, 0 )
bone_name = "body"

[node name="HitBox" parent="Graphics/Armature/Skeleton/Body" instance=ExtResource( 2 )]

[node name="CollisionShape" type="CollisionShape" parent="Graphics/Armature/Skeleton/Body/HitBox"]
transform = Transform( 1, -2.98025e-08, 3.27826e-07, 0, -2.08616e-07, -1, 2.98023e-08, 1, -1.78814e-07, 0.0110086, 0.300263, 0.0219514 )
shape = SubResource( 7 )

[node name="HitBox2" parent="Graphics/Armature/Skeleton/Body" instance=ExtResource( 2 )]
transform = Transform( 1, 0, -1.42109e-14, 0, 1, 0, 0, 0, 1, 0, 0, 0 )
weak_spot = true

[node name="CollisionShape2" type="CollisionShape" parent="Graphics/Armature/Skeleton/Body/HitBox2"]
transform = Transform( 1, -2.98025e-08, 3.27826e-07, 0, -2.08616e-07, -1, 2.98023e-08, 1, -2.08616e-07, 0.0110085, 0.488487, 0.285108 )
shape = SubResource( 8 )

[node name="AnimationPlayer" parent="Graphics" index="1"]
anims/RESET = SubResource( 9 )

[node name="HealthManager" parent="." instance=ExtResource( 4 )]
transform = Transform( 1, 0, 0, 0, 1, 0, 0, 0, 1, 0, 1, 0 )

[node name="CharacterMover" parent="." instance=ExtResource( 5 )]
move_accel = 2
max_speed = 10
ignore_rotation = true

[node name="AimAtObject" type="Spatial" parent="."]
transform = Transform( 1, 0, 0, 0, 1, 0, 0, 0, 1, 0, 1, 0.428923 )
script = ExtResource( 6 )

[node name="DamageAreaEnemy" parent="AimAtObject" instance=ExtResource( 7 )]
transform = Transform( 2.80969, 0, 0, 0, 2, 0, 0, 0, -1.79576, 0, 0, -0.0472225 )

[node name="AudioStreamPlayer3D" type="AudioStreamPlayer3D" parent="."]
stream = ExtResource( 8 )
unit_size = 30.0
max_distance = 20.0

[editable path="Graphics"]
