[gd_scene load_steps=20 format=2]

[ext_resource path="res://characters/enemies/raw_assets/reptilemonster/reptilemonster.glb" type="PackedScene" id=1]
[ext_resource path="res://characters/HitBox.tscn" type="PackedScene" id=2]
[ext_resource path="res://characters/enemies/Monster.gd" type="Script" id=3]
[ext_resource path="res://characters/HealthManager.tscn" type="PackedScene" id=4]
[ext_resource path="res://characters/CharacterMover.tscn" type="PackedScene" id=5]
[ext_resource path="res://characters/enemies/AimAtObject.gd" type="Script" id=6]
[ext_resource path="res://weapons/FireballSpawner.tscn" type="PackedScene" id=7]
[ext_resource path="res://Music/Enemy/monster-15.wav" type="AudioStream" id=8]

[sub_resource type="CapsuleShape" id=12]
radius = 0.0753473
height = 0.332988

[sub_resource type="CapsuleShape" id=2]
radius = 0.0529307
height = 0.332988

[sub_resource type="CapsuleShape" id=3]
radius = 0.0960997
height = 0.332988

[sub_resource type="CapsuleShape" id=4]
radius = 0.0550068
height = 0.332988

[sub_resource type="BoxShape" id=5]
extents = Vector3( 0.164725, 0.121762, 0.118699 )

[sub_resource type="BoxShape" id=6]
extents = Vector3( 0.164725, 0.142892, 0.316335 )

[sub_resource type="BoxShape" id=9]
extents = Vector3( 0.109702, 0.109869, 0.173145 )

[sub_resource type="BoxShape" id=10]
extents = Vector3( 0.164725, 0.142892, 0.205113 )

[sub_resource type="BoxShape" id=11]
extents = Vector3( 0.1, 0.259425, 0.0688829 )

[sub_resource type="Animation" id=13]
length = 0.001
tracks/0/type = "value"
tracks/0/path = NodePath("../AudioStreamPlayer3D:playing")
tracks/0/interp = 1
tracks/0/loop_wrap = true
tracks/0/imported = false
tracks/0/enabled = true
tracks/0/keys = {
"times": PoolRealArray( 0 ),
"transitions": PoolRealArray( 1 ),
"update": 0,
"values": [ false ]
}

[sub_resource type="CapsuleShape" id=8]
radius = 0.5

[node name="ReptileMonster" type="KinematicBody"]
collision_layer = 2
collision_mask = 3
script = ExtResource( 3 )
attack_range = 100.0

[node name="Graphics" parent="." instance=ExtResource( 1 )]

[node name="ArmUL" type="BoneAttachment" parent="Graphics/Armature/Skeleton" index="1"]
transform = Transform( -0.777106, 0.62404, -0.0817299, -0.618983, -0.781305, -0.0801395, -0.113866, -0.0116875, 0.993427, 0.218738, 1.58982, 0.0187602 )
bone_name = "upper_arml"

[node name="HitBox" parent="Graphics/Armature/Skeleton/ArmUL" instance=ExtResource( 2 )]

[node name="CollisionShape" type="CollisionShape" parent="Graphics/Armature/Skeleton/ArmUL/HitBox"]
transform = Transform( 1, -3.72529e-08, 7.16187e-07, 2.32831e-08, -1.56462e-07, -0.999999, 2.23517e-08, 1, -1.9744e-07, 0, 0.206703, 0.0302456 )
shape = SubResource( 12 )

[node name="ArmLL" type="BoneAttachment" parent="Graphics/Armature/Skeleton" index="2"]
transform = Transform( -0.86625, 0.324782, -0.379642, -0.489412, -0.704379, 0.514126, -0.100433, 0.631163, 0.76912, 0.42637, 1.32987, 0.0148715 )
bone_name = "lower_arml"

[node name="HitBox" parent="Graphics/Armature/Skeleton/ArmLL" instance=ExtResource( 2 )]

[node name="CollisionShape" type="CollisionShape" parent="Graphics/Armature/Skeleton/ArmLL/HitBox"]
transform = Transform( 1, 0, 2.94298e-07, -3.35276e-08, -8.9407e-08, -0.999999, -1.49012e-08, 1, -2.38419e-07, 1.19209e-07, 0.206703, 0.00706282 )
shape = SubResource( 2 )

[node name="ArmUR" type="BoneAttachment" parent="Graphics/Armature/Skeleton" index="3"]
transform = Transform( -0.777106, -0.62404, 0.0817299, 0.618983, -0.781305, -0.0801395, 0.113866, -0.0116875, 0.993427, -0.218738, 1.58982, 0.0187602 )
bone_name = "upper_armr"

[node name="HitBox" parent="Graphics/Armature/Skeleton/ArmUR" instance=ExtResource( 2 )]

[node name="CollisionShape" type="CollisionShape" parent="Graphics/Armature/Skeleton/ArmUR/HitBox"]
transform = Transform( 1, -3.72529e-08, 7.16187e-07, 2.32831e-08, -1.56462e-07, -0.999999, 2.23517e-08, 1, -1.9744e-07, 0, 0.206703, 0.0302456 )
shape = SubResource( 12 )

[node name="ArmLR" type="BoneAttachment" parent="Graphics/Armature/Skeleton" index="4"]
transform = Transform( -0.86625, -0.324781, 0.379642, 0.489412, -0.704379, 0.514126, 0.100433, 0.631163, 0.76912, -0.42637, 1.32987, 0.0148715 )
bone_name = "lower_armr"

[node name="HitBox" parent="Graphics/Armature/Skeleton/ArmLR" instance=ExtResource( 2 )]

[node name="CollisionShape" type="CollisionShape" parent="Graphics/Armature/Skeleton/ArmLR/HitBox"]
transform = Transform( 1, 0, 2.94298e-07, -3.35276e-08, -8.9407e-08, -0.999999, -1.49012e-08, 1, -2.38419e-07, 1.19209e-07, 0.206703, 0.00706282 )
shape = SubResource( 2 )

[node name="LegUL" type="BoneAttachment" parent="Graphics/Armature/Skeleton" index="5"]
transform = Transform( -0.782999, 0.14838, 0.604046, 0.0548854, -0.95086, 0.304714, 0.619573, 0.271751, 0.736382, 0.131876, 0.936301, 1.36788e-07 )
bone_name = "upperlegl"

[node name="HitBox" parent="Graphics/Armature/Skeleton/LegUL" instance=ExtResource( 2 )]

[node name="CollisionShape" type="CollisionShape" parent="Graphics/Armature/Skeleton/LegUL/HitBox"]
transform = Transform( 1, -2.98023e-08, 3.27826e-07, 0, -1.04308e-07, -0.999999, 2.98023e-08, 1, -1.63913e-07, 0.0110086, 0.206703, -0.00856459 )
shape = SubResource( 3 )

[node name="LegUR" type="BoneAttachment" parent="Graphics/Armature/Skeleton" index="6"]
transform = Transform( -0.782998, -0.148381, -0.604045, -0.0548847, -0.950859, 0.304716, -0.619573, 0.271751, 0.736382, -0.131876, 0.936301, 1.36788e-07 )
bone_name = "upperlegr"

[node name="HitBox" parent="Graphics/Armature/Skeleton/LegUR" instance=ExtResource( 2 )]

[node name="CollisionShape" type="CollisionShape" parent="Graphics/Armature/Skeleton/LegUR/HitBox"]
transform = Transform( 1, -2.98023e-08, 3.27826e-07, 0, -1.04308e-07, -0.999999, 2.98023e-08, 1, -1.63913e-07, 0.0110086, 0.206703, -0.00856459 )
shape = SubResource( 3 )

[node name="LegLR" type="BoneAttachment" parent="Graphics/Armature/Skeleton" index="7"]
transform = Transform( -0.978013, 0.0485473, -0.202812, -0.0195273, -0.989572, -0.14271, -0.207625, -0.135611, 0.968761, -0.175064, 0.48088, 0.108877 )
bone_name = "lowerlegr"

[node name="HitBox" parent="Graphics/Armature/Skeleton/LegLR" instance=ExtResource( 2 )]

[node name="CollisionShape" type="CollisionShape" parent="Graphics/Armature/Skeleton/LegLR/HitBox"]
transform = Transform( 1, -2.98023e-08, 3.27826e-07, 0, -1.04308e-07, -0.999999, 2.98023e-08, 1, -1.63913e-07, 0.0110086, 0.206703, -0.00856459 )
shape = SubResource( 4 )

[node name="LegLL" type="BoneAttachment" parent="Graphics/Armature/Skeleton" index="8"]
transform = Transform( -0.978013, -0.0485473, 0.202812, 0.0195273, -0.989572, -0.142711, 0.207625, -0.135611, 0.968761, 0.175064, 0.48088, 0.108877 )
bone_name = "lowerlegl"

[node name="HitBox" parent="Graphics/Armature/Skeleton/LegLL" instance=ExtResource( 2 )]

[node name="CollisionShape" type="CollisionShape" parent="Graphics/Armature/Skeleton/LegLL/HitBox"]
transform = Transform( 1, -2.98023e-08, 3.27826e-07, 0, -1.04308e-07, -0.999999, 2.98023e-08, 1, -1.63913e-07, 0.0110086, 0.206703, -0.00856459 )
shape = SubResource( 4 )

[node name="Hip" type="BoneAttachment" parent="Graphics/Armature/Skeleton" index="9"]
transform = Transform( 1, 0, 0, 0, 0.978673, -0.205425, 0, 0.205425, 0.978673, 2.84689e-18, 0.948998, -0.0952436 )
bone_name = "hip"

[node name="HitBox" parent="Graphics/Armature/Skeleton/Hip" instance=ExtResource( 2 )]

[node name="CollisionShape" type="CollisionShape" parent="Graphics/Armature/Skeleton/Hip/HitBox"]
transform = Transform( 1, -2.98023e-08, 3.27826e-07, 0, -1.04308e-07, -0.999999, 2.98023e-08, 1, -1.93715e-07, 0.0110086, 0.113552, 0.10084 )
shape = SubResource( 5 )

[node name="Body" type="BoneAttachment" parent="Graphics/Armature/Skeleton" index="10"]
transform = Transform( 1, 3.66187e-08, -2.41276e-07, -6.59833e-08, 0.992425, -0.122855, 2.34949e-07, 0.122855, 0.992425, 2.84689e-18, 1.20205, -0.042127 )
bone_name = "body"

[node name="HitBox" parent="Graphics/Armature/Skeleton/Body" instance=ExtResource( 2 )]

[node name="CollisionShape" type="CollisionShape" parent="Graphics/Armature/Skeleton/Body/HitBox"]
transform = Transform( 1, -2.98022e-08, 3.27826e-07, 1.77636e-15, -1.41561e-07, -1, 2.98023e-08, 1, -1.11759e-07, 0.0110086, 0.168675, 0.0454058 )
shape = SubResource( 6 )

[node name="CollisionShape3" type="CollisionShape" parent="Graphics/Armature/Skeleton/Body/HitBox"]
transform = Transform( 1, -2.98022e-08, 3.27826e-07, 1.77636e-15, -1.2666e-07, -1, 2.98023e-08, 1, -9.68575e-08, 0.0110086, 0.450078, 0.0454058 )
shape = SubResource( 9 )

[node name="CollisionShape2" type="CollisionShape" parent="Graphics/Armature/Skeleton/Body/HitBox"]
transform = Transform( 1, -2.98023e-08, 3.27826e-07, 1.77636e-15, -1.56462e-07, -1, 2.98023e-08, 1, -1.2666e-07, 0.0110086, -0.0090847, 0.218762 )
shape = SubResource( 10 )

[node name="HitBox2" parent="Graphics/Armature/Skeleton/Body" instance=ExtResource( 2 )]
transform = Transform( 1, 0, -1.42109e-14, 0, 1, 0, 0, 0, 1, 0, 0, 0 )
weak_spot = true

[node name="CollisionShape2" type="CollisionShape" parent="Graphics/Armature/Skeleton/Body/HitBox2"]
transform = Transform( 1, -1.39006e-09, -1.55278e-08, -1.55278e-08, -0.177617, -0.9841, -1.39005e-09, 0.9841, -0.177617, 0.0110085, 0.625739, 0.248417 )
shape = SubResource( 11 )

[node name="AnimationPlayer" parent="Graphics" index="1"]
autoplay = "idle_loop"
anims/RESET = SubResource( 13 )

[node name="CollisionShape" type="CollisionShape" parent="."]
transform = Transform( 1, 0, 0, 0, -1.62921e-07, 1, 0, -1, -1.62921e-07, 0, 1, 0 )
shape = SubResource( 8 )

[node name="HealthManager" parent="." instance=ExtResource( 4 )]
transform = Transform( 1, 0, 0, 0, 1, 0, 0, 0, 1, 0, 1, 0 )
max_health = 80

[node name="CharacterMover" parent="." instance=ExtResource( 5 )]
move_accel = 2
max_speed = 10
ignore_rotation = true

[node name="AimAtObject" type="Spatial" parent="."]
transform = Transform( 1, 0, 0, 0, 1, 0, 0, 0, 1, 0, 1, 0.428923 )
script = ExtResource( 6 )

[node name="FireballSpawner" parent="AimAtObject" instance=ExtResource( 7 )]
transform = Transform( -1, 0, -3.25841e-07, 0, 1, 0, 3.25841e-07, 0, -1, 0, 0, 0 )
damage = 20

[node name="AudioStreamPlayer3D" type="AudioStreamPlayer3D" parent="."]
stream = ExtResource( 8 )
unit_db = 30.0
unit_size = 30.0
max_distance = 30.0

[editable path="Graphics"]
